12 32 0 0 13 33 0 0 0 0 0
21 23 22 32 0 0 0 0 0 0 0 
12 23 11 34 0 0 0 0 0 0 0
0 0 0 0 21 24 31 34 0 0 0
0 0 0 0 22 34 11 33 0 0 0
0 0 12 21 0 0 13 31 0 0 0
31 34 13 14 0 0 11 12 0 0 0
11 33 14 34 0 0 12 13 0 0 0
22 31 11 21 0 0 12 13 0 0 0
23 24 0 0 22 31 11 21 0 0 0
11 14 24 34 21 31 0 0 0 0 0
12 23 13 14 0 0 24 34 0 0 0
14 21 0 0 22 34 23 24 0 0 0
21 32 13 14 12 23 0 0 0 0 0
0 0 22 31 23 34 11 12 0 0 0
22 34 14 23 0 0 11 31 0 0 0
23 31 11 21 14 24 12 13 0 0 0
31 32 23 33 13 14 24 34 0 0 0
11 14 21 31 22 23 24 34 0 0 0 
11 21 24 34 14 22 31 32 0 0 0
23 34 22 32 12 21 13 14 0 0 0
11 12 14 24 21 22 23 33 0 0 0
11 23 24 34 31 32 13 14 0 0 0
11 21 14 24 12 33 31 32 0 0 0
32 34 22 24 21 14 0 0 0 0 0
0 0 24 34 14 31 22 23 0 0 0
24 34 0 0 21 32 11 22 0 0 0
12 32 14 23 0 0 11 31 0 0 0
11 31 13 14 12 32 33 34 0 0 0
13 14 11 12 21 31 24 34 0 0 0
21 31 22 32 23 24 33 34 0 0 0
14 34 12 13 11 31 22 23 0 0 0
0 0 14 24 12 22 32 34 0 0 0 
33 34 12 13 11 23 0 0 0 0 0 
13 24 21 22 31 34 0 0 0 0 0
32 34 13 22 0 0 21 31 0 0 0
0 0 12 0 0 0 11 0 13 14 0
34 0 33 0 0 0 0 0 21 31 0 
0 0 24 0 23 0 0 0 11 21 0
0 0 0 0 12 0 11 0 32 33 0
24 0 0 0 0 0 14 0 11 31 0
24 0 0 0 23 0 0 0 11 12 0
12 0 0 0 14 0 23 0 32 33 34
21 0 22 0 0 0 34 0 11 14 24
0 0 13 0 11 0 23 0 12 24 34
32 0 0 0 34 0 22 0 11 23 33
0 0 33 0 23 0 13 0 14 31 32
11 0 0 0 14 0 34 0 31 32 33
14 0 31 0 0 0 34 0 11 21 22
32 0 12 0 31 0 0 0 11 13 14
34 0 22 0 0 0 21 0 13 14 33
34 0 13 0 0 0 24 0 12 14 23
32 0 13 0 0 0 21 0 14 24 31
33 0 13 0 0 0 22 0 11 24 31
33 0 31 0 14 0 0 0 11 12 24
33 0 31 0 0 0 14 0 12 22 34
33 0 23 0 34 0 0 0 11 13 14
31 0 0 0 11 0 34 0 13 14 23
0 0 23 0 24 0 12 0 13 21 22
34 0 0 0 12 0 22 0 14 32 33
