13 231 233 331 333 43 0
232 224 223 321 323 42 233 331 333 43 0
12 221 223 321 324 332 334 342 344 35 0
31 322 324 332 233 331 334 342 344 35 0
12 221 223 321 324 332 334 342 343 44 0
13 231 233 331 31 322 324 332 334 342 0
21 222 224 232 13 231 234 242 244 25 0
12 221 224 232 234 242 14 241 243 341 343 44 0
12 221 223 321 322 31 224 232 234 242 244 25 0
12 221 223 321 322 31 13 231 233 331 333 43 0
21 222 224 232 234 242 25 244 243 341 343 44 0
13 231 234 242 244 25 243 341 343 44 0
224 232 234 242 244 25 223 321 323 42 233 331 334 342 344 35 0
13 231 234 242 244 25 12 221 223 321 324 332 334 342 344 35 0
21 222 224 232 13 231 233 331 333 43 0
12 221 223 321 323 42 224 232 234 242 233 331 334 342 344 35 0
12 221 223 321 322 31 224 232 234 242 14 241 243 341 343 44 0
21 222 224 232 234 242 25 244 243 341 343 44 233 331 333 43 0
21 222 224 232 234 242 25 244 243 341 343 44 223 321 323 42 0
12 221 223 321 31 322 324 332 334 342 25 244 243 341 343 44 0
232 224 223 321 323 42 13 231 233 331 333 43 234 242 244 25 0
21 222 224 232 242 234 233 331 333 43 14 241 243 341 343 44 0
13 231 234 242 244 25 243 341 343 44 31 322 324 332 334 342 0
12 221 223 321 31 322 324 332 333 43 14 241 243 341 343 44 0
232 224 223 321 323 42 234 242 244 25 324 332 334 342 344 35 0
224 232 234 242 244 25 223 321 324 332 334 342 243 341 343 44 0
21 222 224 232 223 321 324 332 334 342 14 241 243 341 343 44 0
12 221 223 321 323 42 242 234 233 331 333 43 14 241 243 341 0
12 221 223 321 323 42 13 231 234 242 244 25 233 331 333 43 0
21 222 224 232 13 231 233 331 333 43 25 244 243 341 343 44 0
232 224 223 321 323 42 13 231 233 331 333 43 334 342 344 35 0
12 221 224 232 234 242 14 241 243 341 343 44 223 321 323 42 0
232 224 223 321 323 42 14 241 243 341 324 332 334 342 344 35 0
12 221 224 232 234 242 14 241 243 341 31 322 324 332 334 342 0
21 222 224 232 234 242 233 331 334 342 344 35 31 322 324 332 0
12 221 224 232 234 242 223 321 323 42 324 332 334 342 344 35 0
12 221 224 232 234 242 14 241 243 341 0
31 322 324 332 334 342 243 341 343 44 0
21 222 224 232 234 242 243 341 343 44 0
12 221 224 232 234 242 233 331 333 43 0
21 222 224 232 233 331 234 242 244 25 0
12 221 224 232 234 242 243 341 343 44 0
242 234 233 331 333 43 14 241 243 341 343 44 0
12 221 223 321 323 42 25 244 243 341 343 44 0
12 221 223 321 224 232 234 242 244 25 233 331 334 342 344 35 0
21 222 224 232 234 242 243 341 343 44 223 321 324 332 334 342 0
13 231 234 242 244 25 223 321 323 42 324 332 334 342 344 35 0
12 221 223 321 323 42 242 234 233 331 333 43 334 342 344 35 0
21 222 224 232 234 242 223 321 323 42 233 331 334 342 344 35 0
12 221 223 321 323 42 224 232 234 242 14 241 243 341 342 334 0
21 222 224 232 223 321 324 332 334 342 14 241 243 341 343 44 0
12 221 224 232 234 242 14 241 243 341 324 332 334 342 344 35 0
12 221 223 321 323 42 13 231 234 242 244 25 0
12 221 224 232 234 242 243 341 343 44 31 322 324 332 334 342 0
12 221 223 321 323 42 14 241 243 341 233 331 334 342 344 35 0
232 224 223 321 323 42 13 231 233 331 14 241 243 341 343 44 0
223 321 324 332 334 342 13 231 233 331 14 241 243 341 343 44 0
21 222 224 232 234 242 14 241 243 341 324 332 334 342 343 44 0
21 222 224 232 234 242 14 241 243 341 223 321 324 332 334 342 0
232 224 223 321 323 42 233 331 333 43 14 241 243 341 343 44 0